169 111616 1161116616

Arctos 660661, 4193 4, 2106 11816616 uirgol, 141. 466
6,46. 166. 2763173 6466111111 6666661116, 446

140.146.Ατ616663,4;99 4116116666 6666 8661166666 136
6 6319 6, 666. 660 Auchus 0666666616 66· 616

Arene 666666 Lyncei 64 Idae 4661111161,682·,2 603, 4, 493.
1 463 600; 6348, 41161116 661666,

Ares 0661666663, 203 158
Argi 66561, 101. 3393 3, 666, Aulon 16660 666 0166661666·

4, 360· 5, 486. 4161111144, 4389
3623 6, 202. 324 Aurora1, 6833 2, 261, 4, 423·

Argo 66111'61, 263 441. 648, 5, 669

6, 316, 8,194. 296, Argon} 1111606126, 86. Ausonius 6,
3, 3. 430. 691, 6, 4363 6, 232

116 7313 7, 6733 8, 294. Autolycus Η66665666666,6661,
328 66:1696661666, 114
Argolicusl, 96, 6, 286. 334.

462. 676 Β666111161, 2603 2, 60. 254.
Argosl, 369 262. 225. 348, 824· 3, 5. 538,
Argus 1116666616, fabricator 4,236. 633, 6, 76. 1³66. 216.
666681, 93. 314. 4773 2, 4973 6,137; 7, 301· 8, 446
390 B6410'616 6666 8666666, 161
Argus Ρ51666 014169 5, 460, Β261626 19661666, 556

6, 663 Β61666666666 8661461666, 96
Argus 6116169 1113 4, 366. 667. Bebryx 2, 6493 4,167.26,1.
370. 383. 388 290. 316. Beb tycia 4, 743.
Ariasmenus 866066 6, 103. 7623 5, 602. Bebtgcms 4,
337. 394. 423 99. 220. 442. 590. 7336 6,
1116166606 2, 306 344

1111116661 6666 Scythica 6, 131 Bellonal, 6463 2, 2233 3, 60,
Arimes 06161666 6, 638 6, 636 ·
Armenia 6, 166 B6’667 6266 06661642, 231
Armes 066016 6, 530 . Β166610666666643, 112
Aron 661666 6, 6373 6, 664 81661666 6

636 36166661, 7'263 666. 6166
Arsinoe 6609 5, 422 6166, 160

46121, 542, 6643 2, 6163 4, 66666 us 6611116636

211, 628· 6, 3343 7, 433 8, B6e6meis 166661, 449. Β665616
396 6661663, 643

Assyrii sinus6, 109 606666 T’hyias6, 80
Asterion 1179676614661, 366 Β66066 sidus 2, 683 7, 466
Astraea 066 2, 363 Boreas 1, 676. 596. 604; 2,
Athamas 1, 280 6163 4, 630. 7223 6, 1643 7,
Athos 1, 664, ,76 201, 4, 663

322 Bosphoros 4, 345. 419
Atlans 1, 842, 2, 621; 6, Β165660661666663, 162
41031166611666666461, 394

 

